<TICKER>,<PER>,<DATE>,<TIME>,<OPEN>,<HIGH>,<LOW>,<CLOSE>,<VOL>
CHFCB,D,20181009,000000,67.5154000,67.5154000,67.5154000,67.5154000,0
CHFCB,D,20181010,000000,66.7772000,66.7772000,66.7772000,66.7772000,0
CHFCB,D,20181011,000000,66.6632000,66.6632000,66.6632000,66.6632000,0
CHFCB,D,20181012,000000,67.5290000,67.5290000,67.5290000,67.5290000,0
CHFCB,D,20181013,000000,66.5944000,66.5944000,66.5944000,66.5944000,0
CHFCB,D,20181016,000000,66.3881000,66.3881000,66.3881000,66.3881000,0
CHFCB,D,20181017,000000,66.3063000,66.3063000,66.3063000,66.3063000,0
CHFCB,D,20181018,000000,65.9766000,65.9766000,65.9766000,65.9766000,0
CHFCB,D,20181019,000000,66.1471000,66.1471000,66.1471000,66.1471000,0
CHFCB,D,20181020,000000,66.0253000,66.0253000,66.0253000,66.0253000,0
CHFCB,D,20181023,000000,65.5293000,65.5293000,65.5293000,65.5293000,0
CHFCB,D,20181024,000000,65.5526000,65.5526000,65.5526000,65.5526000,0
CHFCB,D,20181025,000000,65.8472000,65.8472000,65.8472000,65.8472000,0
CHFCB,D,20181026,000000,65.8596000,65.8596000,65.8596000,65.8596000,0
CHFCB,D,20181027,000000,65.6279000,65.6279000,65.6279000,65.6279000,0
CHFCB,D,20181030,000000,65.8590000,65.8590000,65.8590000,65.8590000,0
CHFCB,D,20181031,000000,65.5644000,65.5644000,65.5644000,65.5644000,0
CHFCB,D,20181101,000000,65.3218000,65.3218000,65.3218000,65.3218000,0
CHFCB,D,20181102,000000,65.3641000,65.3641000,65.3641000,65.3641000,0
CHFCB,D,20181103,000000,65.5602000,65.5602000,65.5602000,65.5602000,0
CHFCB,D,20181107,000000,65.7217000,65.7217000,65.7217000,65.7217000,0
CHFCB,D,20181108,000000,66.1249000,66.1249000,66.1249000,66.1249000,0
CHFCB,D,20181109,000000,66.0965000,66.0965000,66.0965000,66.0965000,0
CHFCB,D,20181110,000000,66.3323000,66.3323000,66.3323000,66.3323000,0
CHFCB,D,20181113,000000,66.8420000,66.8420000,66.8420000,66.8420000,0
CHFCB,D,20181114,000000,66.9514000,66.9514000,66.9514000,66.9514000,0
CHFCB,D,20181115,000000,67.4779000,67.4779000,67.4779000,67.4779000,0
CHFCB,D,20181116,000000,66.3241000,66.3241000,66.3241000,66.3241000,0
CHFCB,D,20181117,000000,65.5930000,65.5930000,65.5930000,65.5930000,0
CHFCB,D,20181120,000000,66.0543000,66.0543000,66.0543000,66.0543000,0
CHFCB,D,20181121,000000,66.1694000,66.1694000,66.1694000,66.1694000,0
CHFCB,D,20181122,000000,66.3199000,66.3199000,66.3199000,66.3199000,0
CHFCB,D,20181123,000000,65.9828000,65.9828000,65.9828000,65.9828000,0
CHFCB,D,20181124,000000,66.0428000,66.0428000,66.0428000,66.0428000,0
CHFCB,D,20181127,000000,66.7408000,66.7408000,66.7408000,66.7408000,0
CHFCB,D,20181128,000000,66.8000000,66.8000000,66.8000000,66.8000000,0
CHFCB,D,20181129,000000,66.9503000,66.9503000,66.9503000,66.9503000,0
CHFCB,D,20181130,000000,67.1445000,67.1445000,67.1445000,67.1445000,0
CHFCB,D,20181201,000000,66.7739000,66.7739000,66.7739000,66.7739000,0
CHFCB,D,20181204,000000,66.4916000,66.4916000,66.4916000,66.4916000,0
CHFCB,D,20181205,000000,66.6935000,66.6935000,66.6935000,66.6935000,0
CHFCB,D,20181206,000000,66.8509000,66.8509000,66.8509000,66.8509000,0
CHFCB,D,20181207,000000,66.8246000,66.8246000,66.8246000,66.8246000,0
CHFCB,D,20181208,000000,67.4012000,67.4012000,67.4012000,67.4012000,0
CHFCB,D,20181211,000000,66.9919000,66.9919000,66.9919000,66.9919000,0
CHFCB,D,20181212,000000,67.3440000,67.3440000,67.3440000,67.3440000,0
CHFCB,D,20181213,000000,66.8840000,66.8840000,66.8840000,66.8840000,0
CHFCB,D,20181214,000000,66.7826000,66.7826000,66.7826000,66.7826000,0
CHFCB,D,20181215,000000,66.7877000,66.7877000,66.7877000,66.7877000,0
CHFCB,D,20181218,000000,66.8079000,66.8079000,66.8079000,66.8079000,0
CHFCB,D,20181219,000000,67.3108000,67.3108000,67.3108000,67.3108000,0
CHFCB,D,20181220,000000,67.6943000,67.6943000,67.6943000,67.6943000,0
CHFCB,D,20181221,000000,67.9623000,67.9623000,67.9623000,67.9623000,0
CHFCB,D,20181222,000000,68.9322000,68.9322000,68.9322000,68.9322000,0
CHFCB,D,20181225,000000,68.8549000,68.8549000,68.8549000,68.8549000,0
CHFCB,D,20181226,000000,69.6714000,69.6714000,69.6714000,69.6714000,0
CHFCB,D,20181227,000000,69.7797000,69.7797000,69.7797000,69.7797000,0
CHFCB,D,20181228,000000,69.3827000,69.3827000,69.3827000,69.3827000,0
CHFCB,D,20181229,000000,70.5089000,70.5089000,70.5089000,70.5089000,0
CHFCB,D,20181230,000000,70.5787000,70.5787000,70.5787000,70.5787000,0
CHFCB,D,20190110,000000,68.4066000,68.4066000,68.4066000,68.4066000,0
CHFCB,D,20190111,000000,68.6171000,68.6171000,68.6171000,68.6171000,0
CHFCB,D,20190112,000000,68.0601000,68.0601000,68.0601000,68.0601000,0
CHFCB,D,20190115,000000,68.3610000,68.3610000,68.3610000,68.3610000,0
CHFCB,D,20190116,000000,68.2213000,68.2213000,68.2213000,68.2213000,0
CHFCB,D,20190117,000000,67.5726000,67.5726000,67.5726000,67.5726000,0
CHFCB,D,20190118,000000,66.9796000,66.9796000,66.9796000,66.9796000,0
CHFCB,D,20190119,000000,66.7313000,66.7313000,66.7313000,66.7313000,0
CHFCB,D,20190122,000000,66.6835000,66.6835000,66.6835000,66.6835000,0
CHFCB,D,20190123,000000,66.7368000,66.7368000,66.7368000,66.7368000,0
CHFCB,D,20190124,000000,66.4647000,66.4647000,66.4647000,66.4647000,0
CHFCB,D,20190125,000000,66.2534000,66.2534000,66.2534000,66.2534000,0
CHFCB,D,20190126,000000,66.1684000,66.1684000,66.1684000,66.1684000,0
CHFCB,D,20190129,000000,66.3814000,66.3814000,66.3814000,66.3814000,0
CHFCB,D,20190130,000000,66.9099000,66.9099000,66.9099000,66.9099000,0
CHFCB,D,20190131,000000,66.3708000,66.3708000,66.3708000,66.3708000,0
CHFCB,D,20190201,000000,65.8582000,65.8582000,65.8582000,65.8582000,0
CHFCB,D,20190202,000000,66.0365000,66.0365000,66.0365000,66.0365000,0
CHFCB,D,20190205,000000,65.8031000,65.8031000,65.8031000,65.8031000,0
CHFCB,D,20190206,000000,65.5757000,65.5757000,65.5757000,65.5757000,0
CHFCB,D,20190207,000000,65.6096000,65.6096000,65.6096000,65.6096000,0
CHFCB,D,20190208,000000,65.8750000,65.8750000,65.8750000,65.8750000,0
CHFCB,D,20190209,000000,65.9507000,65.9507000,65.9507000,65.9507000,0
CHFCB,D,20190212,000000,65.6058000,65.6058000,65.6058000,65.6058000,0
CHFCB,D,20190213,000000,65.3358000,65.3358000,65.3358000,65.3358000,0
CHFCB,D,20190214,000000,65.2153000,65.2153000,65.2153000,65.2153000,0
CHFCB,D,20190215,000000,65.9494000,65.9494000,65.9494000,65.9494000,0
CHFCB,D,20190216,000000,66.2736000,66.2736000,66.2736000,66.2736000,0
CHFCB,D,20190219,000000,65.9634000,65.9634000,65.9634000,65.9634000,0
CHFCB,D,20190220,000000,65.9122000,65.9122000,65.9122000,65.9122000,0
CHFCB,D,20190221,000000,65.7647000,65.7647000,65.7647000,65.7647000,0
CHFCB,D,20190222,000000,65.5139000,65.5139000,65.5139000,65.5139000,0
CHFCB,D,20190223,000000,65.4953000,65.4953000,65.4953000,65.4953000,0
CHFCB,D,20190226,000000,65.2974000,65.2974000,65.2974000,65.2974000,0
CHFCB,D,20190227,000000,65.5789000,65.5789000,65.5789000,65.5789000,0
CHFCB,D,20190228,000000,65.8954000,65.8954000,65.8954000,65.8954000,0
CHFCB,D,20190301,000000,66.1010000,66.1010000,66.1010000,66.1010000,0
CHFCB,D,20190302,000000,65.7948000,65.7948000,65.7948000,65.7948000,0
CHFCB,D,20190305,000000,65.7036000,65.7036000,65.7036000,65.7036000,0
CHFCB,D,20190306,000000,65.7281000,65.7281000,65.7281000,65.7281000,0
CHFCB,D,20190307,000000,65.5546000,65.5546000,65.5546000,65.5546000,0
CHFCB,D,20190308,000000,65.6560000,65.6560000,65.6560000,65.6560000,0
CHFCB,D,20190312,000000,65.5519000,65.5519000,65.5519000,65.5519000,0
CHFCB,D,20190313,000000,65.1549000,65.1549000,65.1549000,65.1549000,0
CHFCB,D,20190314,000000,65.1137000,65.1137000,65.1137000,65.1137000,0
CHFCB,D,20190315,000000,65.1675000,65.1675000,65.1675000,65.1675000,0
CHFCB,D,20190316,000000,65.2504000,65.2504000,65.2504000,65.2504000,0
CHFCB,D,20190319,000000,64.5661000,64.5661000,64.5661000,64.5661000,0
CHFCB,D,20190320,000000,64.2974000,64.2974000,64.2974000,64.2974000,0
CHFCB,D,20190321,000000,64.2610000,64.2610000,64.2610000,64.2610000,0
CHFCB,D,20190322,000000,64.1978000,64.1978000,64.1978000,64.1978000,0
CHFCB,D,20190323,000000,64.2848000,64.2848000,64.2848000,64.2848000,0
CHFCB,D,20190326,000000,64.8625000,64.8625000,64.8625000,64.8625000,0
CHFCB,D,20190327,000000,64.6011000,64.6011000,64.6011000,64.6011000,0
CHFCB,D,20190328,000000,64.9040000,64.9040000,64.9040000,64.9040000,0
CHFCB,D,20190329,000000,65.0614000,65.0614000,65.0614000,65.0614000,0
CHFCB,D,20190330,000000,64.9816000,64.9816000,64.9816000,64.9816000,0
CHFCB,D,20190402,000000,65.7992000,65.7992000,65.7992000,65.7992000,0
CHFCB,D,20190403,000000,65.5119000,65.5119000,65.5119000,65.5119000,0
CHFCB,D,20190404,000000,65.3469000,65.3469000,65.3469000,65.3469000,0
CHFCB,D,20190405,000000,65.4393000,65.4393000,65.4393000,65.4393000,0
CHFCB,D,20190406,000000,65.4072000,65.4072000,65.4072000,65.4072000,0
CHFCB,D,20190409,000000,65.3890000,65.3890000,65.3890000,65.3890000,0
CHFCB,D,20190410,000000,64.8609000,64.8609000,64.8609000,64.8609000,0
CHFCB,D,20190411,000000,64.6856000,64.6856000,64.6856000,64.6856000,0
CHFCB,D,20190412,000000,64.3026000,64.3026000,64.3026000,64.3026000,0
CHFCB,D,20190413,000000,64.3947000,64.3947000,64.3947000,64.3947000,0
CHFCB,D,20190416,000000,64.1187000,64.1187000,64.1187000,64.1187000,0
CHFCB,D,20190417,000000,64.0118000,64.0118000,64.0118000,64.0118000,0
CHFCB,D,20190418,000000,63.4375000,63.4375000,63.4375000,63.4375000,0
CHFCB,D,20190419,000000,63.4093000,63.4093000,63.4093000,63.4093000,0
CHFCB,D,20190420,000000,63.1269000,63.1269000,63.1269000,63.1269000,0
CHFCB,D,20190423,000000,62.8495000,62.8495000,62.8495000,62.8495000,0
CHFCB,D,20190424,000000,62.6504000,62.6504000,62.6504000,62.6504000,0
CHFCB,D,20190425,000000,62.7930000,62.7930000,62.7930000,62.7930000,0
CHFCB,D,20190426,000000,63.3367000,63.3367000,63.3367000,63.3367000,0
CHFCB,D,20190427,000000,63.3931000,63.3931000,63.3931000,63.3931000,0
CHFCB,D,20190430,000000,63.4543000,63.4543000,63.4543000,63.4543000,0
CHFCB,D,20190501,000000,63.4948000,63.4948000,63.4948000,63.4948000,0
CHFCB,D,20190507,000000,64.2366000,64.2366000,64.2366000,64.2366000,0
CHFCB,D,20190508,000000,64.0194000,64.0194000,64.0194000,64.0194000,0
CHFCB,D,20190509,000000,64.0942000,64.0942000,64.0942000,64.0942000,0
CHFCB,D,20190514,000000,64.8670000,64.8670000,64.8670000,64.8670000,0
CHFCB,D,20190515,000000,64.8269000,64.8269000,64.8269000,64.8269000,0
CHFCB,D,20190516,000000,64.4301000,64.4301000,64.4301000,64.4301000,0
CHFCB,D,20190517,000000,64.0093000,64.0093000,64.0093000,64.0093000,0
CHFCB,D,20190518,000000,64.0498000,64.0498000,64.0498000,64.0498000,0
CHFCB,D,20190521,000000,63.8187000,63.8187000,63.8187000,63.8187000,0
CHFCB,D,20190522,000000,63.8413000,63.8413000,63.8413000,63.8413000,0
CHFCB,D,20190523,000000,63.7463000,63.7463000,63.7463000,63.7463000,0
CHFCB,D,20190524,000000,63.8844000,63.8844000,63.8844000,63.8844000,0
CHFCB,D,20190525,000000,64.4623000,64.4623000,64.4623000,64.4623000,0
CHFCB,D,20190528,000000,64.0791000,64.0791000,64.0791000,64.0791000,0
CHFCB,D,20190529,000000,64.2695000,64.2695000,64.2695000,64.2695000,0
CHFCB,D,20190530,000000,64.5469000,64.5469000,64.5469000,64.5469000,0
CHFCB,D,20190531,000000,64.4844000,64.4844000,64.4844000,64.4844000,0
CHFCB,D,20190601,000000,65.0193000,65.0193000,65.0193000,65.0193000,0
CHFCB,D,20190604,000000,65.7586000,65.7586000,65.7586000,65.7586000,0
CHFCB,D,20190605,000000,65.6472000,65.6472000,65.6472000,65.6472000,0
CHFCB,D,20190606,000000,65.6363000,65.6363000,65.6363000,65.6363000,0
CHFCB,D,20190607,000000,65.6080000,65.6080000,65.6080000,65.6080000,0
CHFCB,D,20190608,000000,65.4387000,65.4387000,65.4387000,65.4387000,0
CHFCB,D,20190611,000000,65.4199000,65.4199000,65.4199000,65.4199000,0
CHFCB,D,20190612,000000,65.1543000,65.1543000,65.1543000,65.1543000,0
CHFCB,D,20190614,000000,65.0674000,65.0674000,65.0674000,65.0674000,0
CHFCB,D,20190615,000000,64.7629000,64.7629000,64.7629000,64.7629000,0
CHFCB,D,20190618,000000,64.4024000,64.4024000,64.4024000,64.4024000,0
CHFCB,D,20190619,000000,64.3803000,64.3803000,64.3803000,64.3803000,0
CHFCB,D,20190620,000000,64.0755000,64.0755000,64.0755000,64.0755000,0
CHFCB,D,20190621,000000,64.1836000,64.1836000,64.1836000,64.1836000,0
CHFCB,D,20190622,000000,64.2343000,64.2343000,64.2343000,64.2343000,0
CHFCB,D,20190625,000000,64.4697000,64.4697000,64.4697000,64.4697000,0
CHFCB,D,20190626,000000,64.1129000,64.1129000,64.1129000,64.1129000,0
CHFCB,D,20190627,000000,64.3858000,64.3858000,64.3858000,64.3858000,0
CHFCB,D,20190628,000000,64.3844000,64.3844000,64.3844000,64.3844000,0
CHFCB,D,20190629,000000,64.7328000,64.7328000,64.7328000,64.7328000,0
CHFCB,D,20190702,000000,64.1380000,64.1380000,64.1380000,64.1380000,0
CHFCB,D,20190703,000000,64.0139000,64.0139000,64.0139000,64.0139000,0
CHFCB,D,20190704,000000,64.3249000,64.3249000,64.3249000,64.3249000,0
CHFCB,D,20190705,000000,64.2950000,64.2950000,64.2950000,64.2950000,0
CHFCB,D,20190706,000000,64.4216000,64.4216000,64.4216000,64.4216000,0
CHFCB,D,20190709,000000,64.4760000,64.4760000,64.4760000,64.4760000,0
CHFCB,D,20190710,000000,64.1574000,64.1574000,64.1574000,64.1574000,0
CHFCB,D,20190711,000000,64.3587000,64.3587000,64.3587000,64.3587000,0
CHFCB,D,20190712,000000,63.8953000,63.8953000,63.8953000,63.8953000,0
CHFCB,D,20190713,000000,63.8569000,63.8569000,63.8569000,63.8569000,0
CHFCB,D,20190716,000000,63.8691000,63.8691000,63.8691000,63.8691000,0
CHFCB,D,20190717,000000,63.8083000,63.8083000,63.8083000,63.8083000,0
CHFCB,D,20190718,000000,63.6581000,63.6581000,63.6581000,63.6581000,0
CHFCB,D,20190719,000000,63.7466000,63.7466000,63.7466000,63.7466000,0
CHFCB,D,20190720,000000,63.9213000,63.9213000,63.9213000,63.9213000,0
CHFCB,D,20190723,000000,64.1254000,64.1254000,64.1254000,64.1254000,0
CHFCB,D,20190724,000000,64.1229000,64.1229000,64.1229000,64.1229000,0
CHFCB,D,20190725,000000,63.9929000,63.9929000,63.9929000,63.9929000,0
CHFCB,D,20190726,000000,64.0410000,64.0410000,64.0410000,64.0410000,0
CHFCB,D,20190727,000000,63.6490000,63.6490000,63.6490000,63.6490000,0
CHFCB,D,20190730,000000,63.9946000,63.9946000,63.9946000,63.9946000,0
CHFCB,D,20190731,000000,63.9611000,63.9611000,63.9611000,63.9611000,0
CHFCB,D,20190801,000000,64.0190000,64.0190000,64.0190000,64.0190000,0
CHFCB,D,20190802,000000,64.1097000,64.1097000,64.1097000,64.1097000,0
CHFCB,D,20190803,000000,65.5402000,65.5402000,65.5402000,65.5402000,0
CHFCB,D,20190806,000000,66.6406000,66.6406000,66.6406000,66.6406000,0
CHFCB,D,20190807,000000,66.8543000,66.8543000,66.8543000,66.8543000,0
CHFCB,D,20190808,000000,66.5711000,66.5711000,66.5711000,66.5711000,0
CHFCB,D,20190809,000000,66.8685000,66.8685000,66.8685000,66.8685000,0
CHFCB,D,20190810,000000,66.9550000,66.9550000,66.9550000,66.9550000,0
CHFCB,D,20190813,000000,67.1546000,67.1546000,67.1546000,67.1546000,0
CHFCB,D,20190814,000000,67.5192000,67.5192000,67.5192000,67.5192000,0
CHFCB,D,20190815,000000,66.9369000,66.9369000,66.9369000,66.9369000,0
CHFCB,D,20190816,000000,67.5941000,67.5941000,67.5941000,67.5941000,0
CHFCB,D,20190817,000000,67.4117000,67.4117000,67.4117000,67.4117000,0
CHFCB,D,20190820,000000,68.0926000,68.0926000,68.0926000,68.0926000,0
CHFCB,D,20190824,000000,66.5091000,66.5091000,66.5091000,66.5091000,0
CHFCB,D,20190827,000000,67.4852000,67.4852000,67.4852000,67.4852000,0
CHFCB,D,20190828,000000,67.6062000,67.6062000,67.6062000,67.6062000,0
CHFCB,D,20190829,000000,67.6163000,67.6163000,67.6163000,67.6163000,0
CHFCB,D,20190830,000000,67.9636000,67.9636000,67.9636000,67.9636000,0
CHFCB,D,20190831,000000,67.3109000,67.3109000,67.3109000,67.3109000,0
CHFCB,D,20190903,000000,67.2761000,67.2761000,67.2761000,67.2761000,0
CHFCB,D,20190904,000000,67.4944000,67.4944000,67.4944000,67.4944000,0
CHFCB,D,20190905,000000,67.3352000,67.3352000,67.3352000,67.3352000,0
CHFCB,D,20190906,000000,67.2293000,67.2293000,67.2293000,67.2293000,0
CHFCB,D,20190907,000000,66.7997000,66.7997000,66.7997000,66.7997000,0
CHFCB,D,20190910,000000,66.2455000,66.2455000,66.2455000,66.2455000,0
CHFCB,D,20190911,000000,66.0203000,66.0203000,66.0203000,66.0203000,0
CHFCB,D,20190912,000000,65.8337000,65.8337000,65.8337000,65.8337000,0
CHFCB,D,20190913,000000,65.8361000,65.8361000,65.8361000,65.8361000,0
CHFCB,D,20190914,000000,65.1882000,65.1882000,65.1882000,65.1882000,0
CHFCB,D,20190917,000000,64.4394000,64.4394000,64.4394000,64.4394000,0
CHFCB,D,20190918,000000,64.5408000,64.5408000,64.5408000,64.5408000,0
CHFCB,D,20190919,000000,64.7528000,64.7528000,64.7528000,64.7528000,0
CHFCB,D,20190920,000000,64.7182000,64.7182000,64.7182000,64.7182000,0
CHFCB,D,20190921,000000,64.3961000,64.3961000,64.3961000,64.3961000,0
CHFCB,D,20190924,000000,64.5847000,64.5847000,64.5847000,64.5847000,0
CHFCB,D,20190925,000000,64.2651000,64.2651000,64.2651000,64.2651000,0
CHFCB,D,20190926,000000,65.1119000,65.1119000,65.1119000,65.1119000,0
CHFCB,D,20190927,000000,64.7224000,64.7224000,64.7224000,64.7224000,0
CHFCB,D,20190928,000000,64.8632000,64.8632000,64.8632000,64.8632000,0
CHFCB,D,20191001,000000,65.0898000,65.0898000,65.0898000,65.0898000,0
CHFCB,D,20191002,000000,65.0410000,65.0410000,65.0410000,65.0410000,0
CHFCB,D,20191003,000000,65.5251000,65.5251000,65.5251000,65.5251000,0
CHFCB,D,20191004,000000,65.1182000,65.1182000,65.1182000,65.1182000,0
CHFCB,D,20191005,000000,65.1995000,65.1995000,65.1995000,65.1995000,0
CHFCB,D,20191008,000000,65.2303000,65.2303000,65.2303000,65.2303000,0
CHFCB,D,20191009,000000,65.3311000,65.3311000,65.3311000,65.3311000,0
CHFCB,D,20191010,000000,65.5301000,65.5301000,65.5301000,65.5301000,0
CHFCB,D,20191011,000000,65.2374000,65.2374000,65.2374000,65.2374000,0
CHFCB,D,20191012,000000,64.3718000,64.3718000,64.3718000,64.3718000,0
CHFCB,D,20191015,000000,64.5524000,64.5524000,64.5524000,64.5524000,0
CHFCB,D,20191016,000000,64.3256000,64.3256000,64.3256000,64.3256000,0
CHFCB,D,20191017,000000,64.5132000,64.5132000,64.5132000,64.5132000,0
CHFCB,D,20191018,000000,64.4851000,64.4851000,64.4851000,64.4851000,0
CHFCB,D,20191019,000000,64.7966000,64.7966000,64.7966000,64.7966000,0
CHFCB,D,20191022,000000,64.7447000,64.7447000,64.7447000,64.7447000,0
CHFCB,D,20191023,000000,64.3739000,64.3739000,64.3739000,64.3739000,0
CHFCB,D,20191024,000000,64.4572000,64.4572000,64.4572000,64.4572000,0
CHFCB,D,20191025,000000,64.4530000,64.4530000,64.4530000,64.4530000,0
CHFCB,D,20191026,000000,64.5322000,64.5322000,64.5322000,64.5322000,0
CHFCB,D,20191029,000000,64.1910000,64.1910000,64.1910000,64.1910000,0
CHFCB,D,20191030,000000,64.0948000,64.0948000,64.0948000,64.0948000,0
CHFCB,D,20191031,000000,64.3820000,64.3820000,64.3820000,64.3820000,0
CHFCB,D,20191101,000000,64.5690000,64.5690000,64.5690000,64.5690000,0
CHFCB,D,20191102,000000,64.9408000,64.9408000,64.9408000,64.9408000,0
CHFCB,D,20191106,000000,63.9515000,63.9515000,63.9515000,63.9515000,0
CHFCB,D,20191107,000000,64.0621000,64.0621000,64.0621000,64.0621000,0
CHFCB,D,20191108,000000,64.1920000,64.1920000,64.1920000,64.1920000,0
CHFCB,D,20191109,000000,64.0176000,64.0176000,64.0176000,64.0176000,0
CHFCB,D,20191112,000000,64.1301000,64.1301000,64.1301000,64.1301000,0
CHFCB,D,20191113,000000,64.1932000,64.1932000,64.1932000,64.1932000,0
CHFCB,D,20191114,000000,64.7317000,64.7317000,64.7317000,64.7317000,0
CHFCB,D,20191115,000000,65.0097000,65.0097000,65.0097000,65.0097000,0
CHFCB,D,20191116,000000,64.6183000,64.6183000,64.6183000,64.6183000,0
CHFCB,D,20191119,000000,64.3852000,64.3852000,64.3852000,64.3852000,0
CHFCB,D,20191120,000000,64.3977000,64.3977000,64.3977000,64.3977000,0
CHFCB,D,20191121,000000,64.5897000,64.5897000,64.5897000,64.5897000,0
CHFCB,D,20191122,000000,64.4553000,64.4553000,64.4553000,64.4553000,0
CHFCB,D,20191123,000000,64.1205000,64.1205000,64.1205000,64.1205000,0
CHFCB,D,20191126,000000,63.9556000,63.9556000,63.9556000,63.9556000,0
CHFCB,D,20191127,000000,64.1201000,64.1201000,64.1201000,64.1201000,0
CHFCB,D,20191128,000000,64.1004000,64.1004000,64.1004000,64.1004000,0
CHFCB,D,20191129,000000,64.1711000,64.1711000,64.1711000,64.1711000,0
CHFCB,D,20191130,000000,64.1780000,64.1780000,64.1780000,64.1780000,0
CHFCB,D,20191203,000000,64.4097000,64.4097000,64.4097000,64.4097000,0
CHFCB,D,20191204,000000,64.7749000,64.7749000,64.7749000,64.7749000,0
CHFCB,D,20191205,000000,65.0997000,65.0997000,65.0997000,65.0997000,0
CHFCB,D,20191206,000000,64.5363000,64.5363000,64.5363000,64.5363000,0
CHFCB,D,20191207,000000,64.5708000,64.5708000,64.5708000,64.5708000,0
CHFCB,D,20191210,000000,64.3356000,64.3356000,64.3356000,64.3356000,0
CHFCB,D,20191211,000000,64.4162000,64.4162000,64.4162000,64.4162000,0
CHFCB,D,20191212,000000,64.5071000,64.5071000,64.5071000,64.5071000,0
CHFCB,D,20191213,000000,64.3846000,64.3846000,64.3846000,64.3846000,0
CHFCB,D,20191214,000000,63.6427000,63.6427000,63.6427000,63.6427000,0
CHFCB,D,20191217,000000,63.8217000,63.8217000,63.8217000,63.8217000,0
CHFCB,D,20191218,000000,63.5882000,63.5882000,63.5882000,63.5882000,0
CHFCB,D,20191219,000000,63.7692000,63.7692000,63.7692000,63.7692000,0
CHFCB,D,20191220,000000,63.7849000,63.7849000,63.7849000,63.7849000,0
CHFCB,D,20191221,000000,63.7262000,63.7262000,63.7262000,63.7262000,0
CHFCB,D,20191224,000000,63.4685000,63.4685000,63.4685000,63.4685000,0
CHFCB,D,20191225,000000,63.3004000,63.3004000,63.3004000,63.3004000,0
CHFCB,D,20191226,000000,62.9438000,62.9438000,62.9438000,62.9438000,0
CHFCB,D,20191227,000000,63.0217000,63.0217000,63.0217000,63.0217000,0
CHFCB,D,20191228,000000,63.4334000,63.4334000,63.4334000,63.4334000,0
CHFCB,D,20191231,000000,63.6039000,63.6039000,63.6039000,63.6039000,0
CHFCB,D,20200101,000000,63.8994000,63.8994000,63.8994000,63.8994000,0
CHFCB,D,20200110,000000,62.8686000,62.8686000,62.8686000,62.8686000,0
CHFCB,D,20200111,000000,62.9115000,62.9115000,62.9115000,62.9115000,0
CHFCB,D,20200114,000000,62.6386000,62.6386000,62.6386000,62.6386000,0
CHFCB,D,20200115,000000,63.3265000,63.3265000,63.3265000,63.3265000,0
CHFCB,D,20200116,000000,63.5293000,63.5293000,63.5293000,63.5293000,0
CHFCB,D,20200117,000000,63.9284000,63.9284000,63.9284000,63.9284000,0
CHFCB,D,20200118,000000,63.7189000,63.7189000,63.7189000,63.7189000,0
CHFCB,D,20200121,000000,63.4776000,63.4776000,63.4776000,63.4776000,0
CHFCB,D,20200122,000000,63.9000000,63.9000000,63.9000000,63.9000000,0
CHFCB,D,20200123,000000,63.6614000,63.6614000,63.6614000,63.6614000,0
CHFCB,D,20200124,000000,63.9797000,63.9797000,63.9797000,63.9797000,0
CHFCB,D,20200125,000000,63.7342000,63.7342000,63.7342000,63.7342000,0
CHFCB,D,20200128,000000,64.1734000,64.1734000,64.1734000,64.1734000,0
CHFCB,D,20200129,000000,64.7731000,64.7731000,64.7731000,64.7731000,0
CHFCB,D,20200130,000000,64.0721000,64.0721000,64.0721000,64.0721000,0
CHFCB,D,20200131,000000,64.9185000,64.9185000,64.9185000,64.9185000,0
CHFCB,D,20200201,000000,65.0577000,65.0577000,65.0577000,65.0577000,0
CHFCB,D,20200204,000000,66.3164000,66.3164000,66.3164000,66.3164000,0
CHFCB,D,20200205,000000,65.4366000,65.4366000,65.4366000,65.4366000,0
CHFCB,D,20200206,000000,65.2356000,65.2356000,65.2356000,65.2356000,0
CHFCB,D,20200207,000000,64.4608000,64.4608000,64.4608000,64.4608000,0
CHFCB,D,20200208,000000,65.0861000,65.0861000,65.0861000,65.0861000,0
CHFCB,D,20200211,000000,65.2453000,65.2453000,65.2453000,65.2453000,0
CHFCB,D,20200212,000000,65.3675000,65.3675000,65.3675000,65.3675000,0
CHFCB,D,20200213,000000,64.6172000,64.6172000,64.6172000,64.6172000,0
CHFCB,D,20200214,000000,65.0989000,65.0989000,65.0989000,65.0989000,0
CHFCB,D,20200215,000000,64.7090000,64.7090000,64.7090000,64.7090000,0
CHFCB,D,20200218,000000,64.4952000,64.4952000,64.4952000,64.4952000,0
CHFCB,D,20200219,000000,65.0579000,65.0579000,65.0579000,65.0579000,0
CHFCB,D,20200220,000000,64.7953000,64.7953000,64.7953000,64.7953000,0
CHFCB,D,20200221,000000,64.7975000,64.7975000,64.7975000,64.7975000,0
CHFCB,D,20200222,000000,65.4594000,65.4594000,65.4594000,65.4594000,0
CHFCB,D,20200226,000000,66.3817000,66.3817000,66.3817000,66.3817000,0
CHFCB,D,20200227,000000,67.1976000,67.1976000,67.1976000,67.1976000,0
CHFCB,D,20200228,000000,67.5066000,67.5066000,67.5066000,67.5066000,0
CHFCB,D,20200229,000000,69.4278000,69.4278000,69.4278000,69.4278000,0
CHFCB,D,20200303,000000,68.8258000,68.8258000,68.8258000,68.8258000,0
CHFCB,D,20200304,000000,69.3350000,69.3350000,69.3350000,69.3350000,0
CHFCB,D,20200305,000000,69.2355000,69.2355000,69.2355000,69.2355000,0
CHFCB,D,20200306,000000,69.2026000,69.2026000,69.2026000,69.2026000,0
CHFCB,D,20200307,000000,71.6214000,71.6214000,71.6214000,71.6214000,0
CHFCB,D,20200311,000000,77.4584000,77.4584000,77.4584000,77.4584000,0
CHFCB,D,20200312,000000,76.4570000,76.4570000,76.4570000,76.4570000,0
CHFCB,D,20200313,000000,79.0638000,79.0638000,79.0638000,79.0638000,0
CHFCB,D,20200314,000000,77.3905000,77.3905000,77.3905000,77.3905000,0
CHFCB,D,20200317,000000,78.7320000,78.7320000,78.7320000,78.7320000,0
CHFCB,D,20200318,000000,77.7540000,77.7540000,77.7540000,77.7540000,0
CHFCB,D,20200319,000000,80.2798000,80.2798000,80.2798000,80.2798000,0
CHFCB,D,20200320,000000,82.5000000,82.5000000,82.5000000,82.5000000,0
CHFCB,D,20200321,000000,79.8081000,79.8081000,79.8081000,79.8081000,0
CHFCB,D,20200324,000000,82.0466000,82.0466000,82.0466000,82.0466000,0
CHFCB,D,20200325,000000,80.6890000,80.6890000,80.6890000,80.6890000,0
CHFCB,D,20200326,000000,79.2591000,79.2591000,79.2591000,79.2591000,0
CHFCB,D,20200327,000000,80.8818000,80.8818000,80.8818000,80.8818000,0
CHFCB,D,20200328,000000,80.7191000,80.7191000,80.7191000,80.7191000,0
CHFCB,D,20200407,000000,78.1901000,78.1901000,78.1901000,78.1901000,0
