<TICKER>,<PER>,<DATE>,<TIME>,<OPEN>,<HIGH>,<LOW>,<CLOSE>,<VOL>
JPYCB,D,20181009,000000,0.5894850,0.5894850,0.5894850,0.5894850,0
JPYCB,D,20181010,000000,0.5867820,0.5867820,0.5867820,0.5867820,0
JPYCB,D,20181011,000000,0.5849410,0.5849410,0.5849410,0.5849410,0
JPYCB,D,20181012,000000,0.5943540,0.5943540,0.5943540,0.5943540,0
JPYCB,D,20181013,000000,0.5873590,0.5873590,0.5873590,0.5873590,0
JPYCB,D,20181016,000000,0.5884000,0.5884000,0.5884000,0.5884000,0
JPYCB,D,20181017,000000,0.5842850,0.5842850,0.5842850,0.5842850,0
JPYCB,D,20181018,000000,0.5826770,0.5826770,0.5826770,0.5826770,0
JPYCB,D,20181019,000000,0.5838220,0.5838220,0.5838220,0.5838220,0
JPYCB,D,20181020,000000,0.5854560,0.5854560,0.5854560,0.5854560,0
JPYCB,D,20181023,000000,0.5792410,0.5792410,0.5792410,0.5792410,0
JPYCB,D,20181024,000000,0.5815940,0.5815940,0.5815940,0.5815940,0
JPYCB,D,20181025,000000,0.5834550,0.5834550,0.5834550,0.5834550,0
JPYCB,D,20181026,000000,0.5853860,0.5853860,0.5853860,0.5853860,0
JPYCB,D,20181027,000000,0.5858390,0.5858390,0.5858390,0.5858390,0
JPYCB,D,20181030,000000,0.5879040,0.5879040,0.5879040,0.5879040,0
JPYCB,D,20181031,000000,0.5828200,0.5828200,0.5828200,0.5828200,0
JPYCB,D,20181101,000000,0.5799580,0.5799580,0.5799580,0.5799580,0
JPYCB,D,20181102,000000,0.5815800,0.5815800,0.5815800,0.5815800,0
JPYCB,D,20181103,000000,0.5807640,0.5807640,0.5807640,0.5807640,0
JPYCB,D,20181107,000000,0.5824720,0.5824720,0.5824720,0.5824720,0
JPYCB,D,20181108,000000,0.5839010,0.5839010,0.5839010,0.5839010,0
JPYCB,D,20181109,000000,0.5822930,0.5822930,0.5822930,0.5822930,0
JPYCB,D,20181110,000000,0.5873800,0.5873800,0.5873800,0.5873800,0
JPYCB,D,20181113,000000,0.5916650,0.5916650,0.5916650,0.5916650,0
JPYCB,D,20181114,000000,0.5931480,0.5931480,0.5931480,0.5931480,0
JPYCB,D,20181115,000000,0.5970720,0.5970720,0.5970720,0.5970720,0
JPYCB,D,20181116,000000,0.5871570,0.5871570,0.5871570,0.5871570,0
JPYCB,D,20181117,000000,0.5826950,0.5826950,0.5826950,0.5826950,0
JPYCB,D,20181120,000000,0.5851000,0.5851000,0.5851000,0.5851000,0
JPYCB,D,20181121,000000,0.5832820,0.5832820,0.5832820,0.5832820,0
JPYCB,D,20181122,000000,0.5842870,0.5842870,0.5842870,0.5842870,0
JPYCB,D,20181123,000000,0.5807700,0.5807700,0.5807700,0.5807700,0
JPYCB,D,20181124,000000,0.5818650,0.5818650,0.5818650,0.5818650,0
JPYCB,D,20181127,000000,0.5869230,0.5869230,0.5869230,0.5869230,0
JPYCB,D,20181128,000000,0.5880070,0.5880070,0.5880070,0.5880070,0
JPYCB,D,20181129,000000,0.5879720,0.5879720,0.5879720,0.5879720,0
JPYCB,D,20181130,000000,0.5882520,0.5882520,0.5882520,0.5882520,0
JPYCB,D,20181201,000000,0.5865340,0.5865340,0.5865340,0.5865340,0
JPYCB,D,20181204,000000,0.5840970,0.5840970,0.5840970,0.5840970,0
JPYCB,D,20181205,000000,0.5876860,0.5876860,0.5876860,0.5876860,0
JPYCB,D,20181206,000000,0.5911810,0.5911810,0.5911810,0.5911810,0
JPYCB,D,20181207,000000,0.5904680,0.5904680,0.5904680,0.5904680,0
JPYCB,D,20181208,000000,0.5932600,0.5932600,0.5932600,0.5932600,0
JPYCB,D,20181211,000000,0.5881610,0.5881610,0.5881610,0.5881610,0
JPYCB,D,20181212,000000,0.5881770,0.5881770,0.5881770,0.5881770,0
JPYCB,D,20181213,000000,0.5854520,0.5854520,0.5854520,0.5854520,0
JPYCB,D,20181214,000000,0.5837960,0.5837960,0.5837960,0.5837960,0
JPYCB,D,20181215,000000,0.5848810,0.5848810,0.5848810,0.5848810,0
JPYCB,D,20181218,000000,0.5875110,0.5875110,0.5875110,0.5875110,0
JPYCB,D,20181219,000000,0.5934240,0.5934240,0.5934240,0.5934240,0
JPYCB,D,20181220,000000,0.5972690,0.5972690,0.5972690,0.5972690,0
JPYCB,D,20181221,000000,0.6023070,0.6023070,0.6023070,0.6023070,0
JPYCB,D,20181222,000000,0.6122200,0.6122200,0.6122200,0.6122200,0
JPYCB,D,20181225,000000,0.6166430,0.6166430,0.6166430,0.6166430,0
JPYCB,D,20181226,000000,0.6233380,0.6233380,0.6233380,0.6233380,0
JPYCB,D,20181227,000000,0.6233790,0.6233790,0.6233790,0.6233790,0
JPYCB,D,20181228,000000,0.6208700,0.6208700,0.6208700,0.6208700,0
JPYCB,D,20181229,000000,0.6293560,0.6293560,0.6293560,0.6293560,0
JPYCB,D,20181230,000000,0.6299760,0.6299760,0.6299760,0.6299760,0
JPYCB,D,20190110,000000,0.6160870,0.6160870,0.6160870,0.6160870,0
JPYCB,D,20190111,000000,0.6195380,0.6195380,0.6195380,0.6195380,0
JPYCB,D,20190112,000000,0.6178540,0.6178540,0.6178540,0.6178540,0
JPYCB,D,20190115,000000,0.6212570,0.6212570,0.6212570,0.6212570,0
JPYCB,D,20190116,000000,0.6174420,0.6174420,0.6174420,0.6174420,0
JPYCB,D,20190117,000000,0.6148340,0.6148340,0.6148340,0.6148340,0
JPYCB,D,20190118,000000,0.6108930,0.6108930,0.6108930,0.6108930,0
JPYCB,D,20190119,000000,0.6060660,0.6060660,0.6060660,0.6060660,0
JPYCB,D,20190122,000000,0.6052570,0.6052570,0.6052570,0.6052570,0
JPYCB,D,20190123,000000,0.6083450,0.6083450,0.6083450,0.6083450,0
JPYCB,D,20190124,000000,0.6053000,0.6053000,0.6053000,0.6053000,0
JPYCB,D,20190125,000000,0.6018470,0.6018470,0.6018470,0.6018470,0
JPYCB,D,20190126,000000,0.6003640,0.6003640,0.6003640,0.6003640,0
JPYCB,D,20190129,000000,0.6026230,0.6026230,0.6026230,0.6026230,0
JPYCB,D,20190130,000000,0.6074370,0.6074370,0.6074370,0.6074370,0
JPYCB,D,20190131,000000,0.6046630,0.6046630,0.6046630,0.6046630,0
JPYCB,D,20190201,000000,0.6014050,0.6014050,0.6014050,0.6014050,0
JPYCB,D,20190202,000000,0.6026350,0.6026350,0.6026350,0.6026350,0
JPYCB,D,20190205,000000,0.5969140,0.5969140,0.5969140,0.5969140,0
JPYCB,D,20190206,000000,0.5965440,0.5965440,0.5965440,0.5965440,0
JPYCB,D,20190207,000000,0.5988110,0.5988110,0.5988110,0.5988110,0
JPYCB,D,20190208,000000,0.5999900,0.5999900,0.5999900,0.5999900,0
JPYCB,D,20190209,000000,0.6017470,0.6017470,0.6017470,0.6017470,0
JPYCB,D,20190212,000000,0.5967520,0.5967520,0.5967520,0.5967520,0
JPYCB,D,20190213,000000,0.5943800,0.5943800,0.5943800,0.5943800,0
JPYCB,D,20190214,000000,0.5932200,0.5932200,0.5932200,0.5932200,0
JPYCB,D,20190215,000000,0.5990810,0.5990810,0.5990810,0.5990810,0
JPYCB,D,20190216,000000,0.6048370,0.6048370,0.6048370,0.6048370,0
JPYCB,D,20190219,000000,0.5989510,0.5989510,0.5989510,0.5989510,0
JPYCB,D,20190220,000000,0.5979240,0.5979240,0.5979240,0.5979240,0
JPYCB,D,20190221,000000,0.5939730,0.5939730,0.5939730,0.5939730,0
JPYCB,D,20190222,000000,0.5917040,0.5917040,0.5917040,0.5917040,0
JPYCB,D,20190223,000000,0.5915300,0.5915300,0.5915300,0.5915300,0
JPYCB,D,20190226,000000,0.5898780,0.5898780,0.5898780,0.5898780,0
JPYCB,D,20190227,000000,0.5921420,0.5921420,0.5921420,0.5921420,0
JPYCB,D,20190228,000000,0.5955440,0.5955440,0.5955440,0.5955440,0
JPYCB,D,20190301,000000,0.5949390,0.5949390,0.5949390,0.5949390,0
JPYCB,D,20190302,000000,0.5881280,0.5881280,0.5881280,0.5881280,0
JPYCB,D,20190305,000000,0.5879070,0.5879070,0.5879070,0.5879070,0
JPYCB,D,20190306,000000,0.5880020,0.5880020,0.5880020,0.5880020,0
JPYCB,D,20190307,000000,0.5887780,0.5887780,0.5887780,0.5887780,0
JPYCB,D,20190308,000000,0.5903140,0.5903140,0.5903140,0.5903140,0
JPYCB,D,20190312,000000,0.5939710,0.5939710,0.5939710,0.5939710,0
JPYCB,D,20190313,000000,0.5905040,0.5905040,0.5905040,0.5905040,0
JPYCB,D,20190314,000000,0.5889550,0.5889550,0.5889550,0.5889550,0
JPYCB,D,20190315,000000,0.5854890,0.5854890,0.5854890,0.5854890,0
JPYCB,D,20190316,000000,0.5856510,0.5856510,0.5856510,0.5856510,0
JPYCB,D,20190319,000000,0.5799170,0.5799170,0.5799170,0.5799170,0
JPYCB,D,20190320,000000,0.5780500,0.5780500,0.5780500,0.5780500,0
JPYCB,D,20190321,000000,0.5761690,0.5761690,0.5761690,0.5761690,0
JPYCB,D,20190322,000000,0.5778180,0.5778180,0.5778180,0.5778180,0
JPYCB,D,20190323,000000,0.5755720,0.5755720,0.5755720,0.5755720,0
JPYCB,D,20190326,000000,0.5859580,0.5859580,0.5859580,0.5859580,0
JPYCB,D,20190327,000000,0.5825540,0.5825540,0.5825540,0.5825540,0
JPYCB,D,20190328,000000,0.5840980,0.5840980,0.5840980,0.5840980,0
JPYCB,D,20190329,000000,0.5885930,0.5885930,0.5885930,0.5885930,0
JPYCB,D,20190330,000000,0.5843010,0.5843010,0.5843010,0.5843010,0
JPYCB,D,20190402,000000,0.5890030,0.5890030,0.5890030,0.5890030,0
JPYCB,D,20190403,000000,0.5878570,0.5878570,0.5878570,0.5878570,0
JPYCB,D,20190404,000000,0.5841410,0.5841410,0.5841410,0.5841410,0
JPYCB,D,20190405,000000,0.5864550,0.5864550,0.5864550,0.5864550,0
JPYCB,D,20190406,000000,0.5855350,0.5855350,0.5855350,0.5855350,0
JPYCB,D,20190409,000000,0.5862280,0.5862280,0.5862280,0.5862280,0
JPYCB,D,20190410,000000,0.5821830,0.5821830,0.5821830,0.5821830,0
JPYCB,D,20190411,000000,0.5824580,0.5824580,0.5824580,0.5824580,0
JPYCB,D,20190412,000000,0.5794150,0.5794150,0.5794150,0.5794150,0
JPYCB,D,20190413,000000,0.5763800,0.5763800,0.5763800,0.5763800,0
JPYCB,D,20190416,000000,0.5740690,0.5740690,0.5740690,0.5740690,0
JPYCB,D,20190417,000000,0.5739750,0.5739750,0.5739750,0.5739750,0
JPYCB,D,20190418,000000,0.5708100,0.5708100,0.5708100,0.5708100,0
JPYCB,D,20190419,000000,0.5727330,0.5727330,0.5727330,0.5727330,0
JPYCB,D,20190420,000000,0.5714810,0.5714810,0.5714810,0.5714810,0
JPYCB,D,20190423,000000,0.5699500,0.5699500,0.5699500,0.5699500,0
JPYCB,D,20190424,000000,0.5703480,0.5703480,0.5703480,0.5703480,0
JPYCB,D,20190425,000000,0.5721420,0.5721420,0.5721420,0.5721420,0
JPYCB,D,20190426,000000,0.5781400,0.5781400,0.5781400,0.5781400,0
JPYCB,D,20190427,000000,0.5795110,0.5795110,0.5795110,0.5795110,0
JPYCB,D,20190430,000000,0.5789230,0.5789230,0.5789230,0.5789230,0
JPYCB,D,20190501,000000,0.5805910,0.5805910,0.5805910,0.5805910,0
JPYCB,D,20190507,000000,0.5901190,0.5901190,0.5901190,0.5901190,0
JPYCB,D,20190508,000000,0.5893690,0.5893690,0.5893690,0.5893690,0
JPYCB,D,20190509,000000,0.5922080,0.5922080,0.5922080,0.5922080,0
JPYCB,D,20190514,000000,0.5970030,0.5970030,0.5970030,0.5970030,0
JPYCB,D,20190515,000000,0.5956680,0.5956680,0.5956680,0.5956680,0
JPYCB,D,20190516,000000,0.5921190,0.5921190,0.5921190,0.5921190,0
JPYCB,D,20190517,000000,0.5895060,0.5895060,0.5895060,0.5895060,0
JPYCB,D,20190518,000000,0.5894720,0.5894720,0.5894720,0.5894720,0
JPYCB,D,20190521,000000,0.5855960,0.5855960,0.5855960,0.5855960,0
JPYCB,D,20190522,000000,0.5859830,0.5859830,0.5859830,0.5859830,0
JPYCB,D,20190523,000000,0.5832900,0.5832900,0.5832900,0.5832900,0
JPYCB,D,20190524,000000,0.5851410,0.5851410,0.5851410,0.5851410,0
JPYCB,D,20190525,000000,0.5899160,0.5899160,0.5899160,0.5899160,0
JPYCB,D,20190528,000000,0.5885210,0.5885210,0.5885210,0.5885210,0
JPYCB,D,20190529,000000,0.5905060,0.5905060,0.5905060,0.5905060,0
JPYCB,D,20190530,000000,0.5941000,0.5941000,0.5941000,0.5941000,0
JPYCB,D,20190531,000000,0.5929210,0.5929210,0.5929210,0.5929210,0
JPYCB,D,20190601,000000,0.6007570,0.6007570,0.6007570,0.6007570,0
JPYCB,D,20190604,000000,0.6056140,0.6056140,0.6056140,0.6056140,0
JPYCB,D,20190605,000000,0.6030950,0.6030950,0.6030950,0.6030950,0
JPYCB,D,20190606,000000,0.6015820,0.6015820,0.6015820,0.6015820,0
JPYCB,D,20190607,000000,0.6028180,0.6028180,0.6028180,0.6028180,0
JPYCB,D,20190608,000000,0.5994700,0.5994700,0.5994700,0.5994700,0
JPYCB,D,20190611,000000,0.5963630,0.5963630,0.5963630,0.5963630,0
JPYCB,D,20190612,000000,0.5938770,0.5938770,0.5938770,0.5938770,0
JPYCB,D,20190614,000000,0.5964510,0.5964510,0.5964510,0.5964510,0
JPYCB,D,20190615,000000,0.5954130,0.5954130,0.5954130,0.5954130,0
JPYCB,D,20190618,000000,0.5922800,0.5922800,0.5922800,0.5922800,0
JPYCB,D,20190619,000000,0.5939640,0.5939640,0.5939640,0.5939640,0
JPYCB,D,20190620,000000,0.5904060,0.5904060,0.5904060,0.5904060,0
JPYCB,D,20190621,000000,0.5884210,0.5884210,0.5884210,0.5884210,0
JPYCB,D,20190622,000000,0.5879350,0.5879350,0.5879350,0.5879350,0
JPYCB,D,20190625,000000,0.5857220,0.5857220,0.5857220,0.5857220,0
JPYCB,D,20190626,000000,0.5841900,0.5841900,0.5841900,0.5841900,0
JPYCB,D,20190627,000000,0.5846170,0.5846170,0.5846170,0.5846170,0
JPYCB,D,20190628,000000,0.5837790,0.5837790,0.5837790,0.5837790,0
JPYCB,D,20190629,000000,0.5858780,0.5858780,0.5858780,0.5858780,0
JPYCB,D,20190702,000000,0.5823510,0.5823510,0.5823510,0.5823510,0
JPYCB,D,20190703,000000,0.5841590,0.5841590,0.5841590,0.5841590,0
JPYCB,D,20190704,000000,0.5893640,0.5893640,0.5893640,0.5893640,0
JPYCB,D,20190705,000000,0.5881110,0.5881110,0.5881110,0.5881110,0
JPYCB,D,20190706,000000,0.5887140,0.5887140,0.5887140,0.5887140,0
JPYCB,D,20190709,000000,0.5895050,0.5895050,0.5895050,0.5895050,0
JPYCB,D,20190710,000000,0.5857350,0.5857350,0.5857350,0.5857350,0
JPYCB,D,20190711,000000,0.5857670,0.5857670,0.5857670,0.5857670,0
JPYCB,D,20190712,000000,0.5830390,0.5830390,0.5830390,0.5830390,0
JPYCB,D,20190713,000000,0.5818250,0.5818250,0.5818250,0.5818250,0
JPYCB,D,20190716,000000,0.5824420,0.5824420,0.5824420,0.5824420,0
JPYCB,D,20190717,000000,0.5814130,0.5814130,0.5814130,0.5814130,0
JPYCB,D,20190718,000000,0.5813980,0.5813980,0.5813980,0.5813980,0
JPYCB,D,20190719,000000,0.5831770,0.5831770,0.5831770,0.5831770,0
JPYCB,D,20190720,000000,0.5838280,0.5838280,0.5838280,0.5838280,0
JPYCB,D,20190723,000000,0.5839640,0.5839640,0.5839640,0.5839640,0
JPYCB,D,20190724,000000,0.5837440,0.5837440,0.5837440,0.5837440,0
JPYCB,D,20190725,000000,0.5841660,0.5841660,0.5841660,0.5841660,0
JPYCB,D,20190726,000000,0.5842750,0.5842750,0.5842750,0.5842750,0
JPYCB,D,20190727,000000,0.5809330,0.5809330,0.5809330,0.5809330,0
JPYCB,D,20190730,000000,0.5845040,0.5845040,0.5845040,0.5845040,0
JPYCB,D,20190731,000000,0.5837090,0.5837090,0.5837090,0.5837090,0
JPYCB,D,20190801,000000,0.5841400,0.5841400,0.5841400,0.5841400,0
JPYCB,D,20190802,000000,0.5851770,0.5851770,0.5851770,0.5851770,0
JPYCB,D,20190803,000000,0.6043880,0.6043880,0.6043880,0.6043880,0
JPYCB,D,20190806,000000,0.6139830,0.6139830,0.6139830,0.6139830,0
JPYCB,D,20190807,000000,0.6123780,0.6123780,0.6123780,0.6123780,0
JPYCB,D,20190808,000000,0.6126710,0.6126710,0.6126710,0.6126710,0
JPYCB,D,20190809,000000,0.6139410,0.6139410,0.6139410,0.6139410,0
JPYCB,D,20190810,000000,0.6157810,0.6157810,0.6157810,0.6157810,0
JPYCB,D,20190813,000000,0.6213550,0.6213550,0.6213550,0.6213550,0
JPYCB,D,20190814,000000,0.6233830,0.6233830,0.6233830,0.6233830,0
JPYCB,D,20190815,000000,0.6128410,0.6128410,0.6128410,0.6128410,0
JPYCB,D,20190816,000000,0.6203520,0.6203520,0.6203520,0.6203520,0
JPYCB,D,20190817,000000,0.6216960,0.6216960,0.6216960,0.6216960,0
JPYCB,D,20190820,000000,0.6249300,0.6249300,0.6249300,0.6249300,0
JPYCB,D,20190824,000000,0.6153410,0.6153410,0.6153410,0.6153410,0
JPYCB,D,20190827,000000,0.6233620,0.6233620,0.6233620,0.6233620,0
JPYCB,D,20190828,000000,0.6261950,0.6261950,0.6261950,0.6261950,0
JPYCB,D,20190829,000000,0.6278680,0.6278680,0.6278680,0.6278680,0
JPYCB,D,20190830,000000,0.6285330,0.6285330,0.6285330,0.6285330,0
JPYCB,D,20190831,000000,0.6248740,0.6248740,0.6248740,0.6248740,0
JPYCB,D,20190903,000000,0.6268970,0.6268970,0.6268970,0.6268970,0
JPYCB,D,20190904,000000,0.6308130,0.6308130,0.6308130,0.6308130,0
JPYCB,D,20190905,000000,0.6260900,0.6260900,0.6260900,0.6260900,0
JPYCB,D,20190906,000000,0.6203600,0.6203600,0.6203600,0.6203600,0
JPYCB,D,20190907,000000,0.6166030,0.6166030,0.6166030,0.6166030,0
JPYCB,D,20190910,000000,0.6130020,0.6130020,0.6130020,0.6130020,0
JPYCB,D,20190911,000000,0.6100710,0.6100710,0.6100710,0.6100710,0
JPYCB,D,20190912,000000,0.6071180,0.6071180,0.6071180,0.6071180,0
JPYCB,D,20190913,000000,0.6043750,0.6043750,0.6043750,0.6043750,0
JPYCB,D,20190914,000000,0.5969270,0.5969270,0.5969270,0.5969270,0
JPYCB,D,20190917,000000,0.5915680,0.5915680,0.5915680,0.5915680,0
JPYCB,D,20190918,000000,0.5927830,0.5927830,0.5927830,0.5927830,0
JPYCB,D,20190919,000000,0.5954900,0.5954900,0.5954900,0.5954900,0
JPYCB,D,20190920,000000,0.5943810,0.5943810,0.5943810,0.5943810,0
JPYCB,D,20190921,000000,0.5914380,0.5914380,0.5914380,0.5914380,0
JPYCB,D,20190924,000000,0.5947570,0.5947570,0.5947570,0.5947570,0
JPYCB,D,20190925,000000,0.5918160,0.5918160,0.5918160,0.5918160,0
JPYCB,D,20190926,000000,0.5979530,0.5979530,0.5979530,0.5979530,0
JPYCB,D,20190927,000000,0.5972850,0.5972850,0.5972850,0.5972850,0
JPYCB,D,20190928,000000,0.5970770,0.5970770,0.5970770,0.5970770,0
JPYCB,D,20191001,000000,0.5991910,0.5991910,0.5991910,0.5991910,0
JPYCB,D,20191002,000000,0.6003320,0.6003320,0.6003320,0.6003320,0
JPYCB,D,20191003,000000,0.6076410,0.6076410,0.6076410,0.6076410,0
JPYCB,D,20191004,000000,0.6074540,0.6074540,0.6074540,0.6074540,0
JPYCB,D,20191005,000000,0.6089810,0.6089810,0.6089810,0.6089810,0
JPYCB,D,20191008,000000,0.6067280,0.6067280,0.6067280,0.6067280,0
JPYCB,D,20191009,000000,0.6051330,0.6051330,0.6051330,0.6051330,0
JPYCB,D,20191010,000000,0.6067160,0.6067160,0.6067160,0.6067160,0
JPYCB,D,20191011,000000,0.6024440,0.6024440,0.6024440,0.6024440,0
JPYCB,D,20191012,000000,0.5949120,0.5949120,0.5949120,0.5949120,0
JPYCB,D,20191015,000000,0.5946250,0.5946250,0.5946250,0.5946250,0
JPYCB,D,20191016,000000,0.5928380,0.5928380,0.5928380,0.5928380,0
JPYCB,D,20191017,000000,0.5921460,0.5921460,0.5921460,0.5921460,0
JPYCB,D,20191018,000000,0.5884220,0.5884220,0.5884220,0.5884220,0
JPYCB,D,20191019,000000,0.5886260,0.5886260,0.5886260,0.5886260,0
JPYCB,D,20191022,000000,0.5868710,0.5868710,0.5868710,0.5868710,0
JPYCB,D,20191023,000000,0.5864040,0.5864040,0.5864040,0.5864040,0
JPYCB,D,20191024,000000,0.5886940,0.5886940,0.5886940,0.5886940,0
JPYCB,D,20191025,000000,0.5875970,0.5875970,0.5875970,0.5875970,0
JPYCB,D,20191026,000000,0.5892060,0.5892060,0.5892060,0.5892060,0
JPYCB,D,20191029,000000,0.5873910,0.5873910,0.5873910,0.5873910,0
JPYCB,D,20191030,000000,0.5863410,0.5863410,0.5863410,0.5863410,0
JPYCB,D,20191031,000000,0.5868290,0.5868290,0.5868290,0.5868290,0
JPYCB,D,20191101,000000,0.5871100,0.5871100,0.5871100,0.5871100,0
JPYCB,D,20191102,000000,0.5931050,0.5931050,0.5931050,0.5931050,0
JPYCB,D,20191106,000000,0.5810830,0.5810830,0.5810830,0.5810830,0
JPYCB,D,20191107,000000,0.5831890,0.5831890,0.5831890,0.5831890,0
JPYCB,D,20191108,000000,0.5848920,0.5848920,0.5848920,0.5848920,0
JPYCB,D,20191109,000000,0.5831500,0.5831500,0.5831500,0.5831500,0
JPYCB,D,20191112,000000,0.5863500,0.5863500,0.5863500,0.5863500,0
JPYCB,D,20191113,000000,0.5845470,0.5845470,0.5845470,0.5845470,0
JPYCB,D,20191114,000000,0.5882440,0.5882440,0.5882440,0.5882440,0
JPYCB,D,20191115,000000,0.5907910,0.5907910,0.5907910,0.5907910,0
JPYCB,D,20191116,000000,0.5886410,0.5886410,0.5886410,0.5886410,0
JPYCB,D,20191119,000000,0.5850890,0.5850890,0.5850890,0.5850890,0
JPYCB,D,20191120,000000,0.5867150,0.5867150,0.5867150,0.5867150,0
JPYCB,D,20191121,000000,0.5905750,0.5905750,0.5905750,0.5905750,0
JPYCB,D,20191122,000000,0.5882790,0.5882790,0.5882790,0.5882790,0
JPYCB,D,20191123,000000,0.5862980,0.5862980,0.5862980,0.5862980,0
JPYCB,D,20191126,000000,0.5857130,0.5857130,0.5857130,0.5857130,0
JPYCB,D,20191127,000000,0.5877800,0.5877800,0.5877800,0.5877800,0
JPYCB,D,20191128,000000,0.5860140,0.5860140,0.5860140,0.5860140,0
JPYCB,D,20191129,000000,0.5859550,0.5859550,0.5859550,0.5859550,0
JPYCB,D,20191130,000000,0.5850340,0.5850340,0.5850340,0.5850340,0
JPYCB,D,20191203,000000,0.5873850,0.5873850,0.5873850,0.5873850,0
JPYCB,D,20191204,000000,0.5878750,0.5878750,0.5878750,0.5878750,0
JPYCB,D,20191205,000000,0.5917390,0.5917390,0.5917390,0.5917390,0
JPYCB,D,20191206,000000,0.5861170,0.5861170,0.5861170,0.5861170,0
JPYCB,D,20191207,000000,0.5865910,0.5865910,0.5865910,0.5865910,0
JPYCB,D,20191210,000000,0.5870780,0.5870780,0.5870780,0.5870780,0
JPYCB,D,20191211,000000,0.5851980,0.5851980,0.5851980,0.5851980,0
JPYCB,D,20191212,000000,0.5844820,0.5844820,0.5844820,0.5844820,0
JPYCB,D,20191213,000000,0.5820820,0.5820820,0.5820820,0.5820820,0
JPYCB,D,20191214,000000,0.5705960,0.5705960,0.5705960,0.5705960,0
JPYCB,D,20191217,000000,0.5735700,0.5735700,0.5735700,0.5735700,0
JPYCB,D,20191218,000000,0.5706830,0.5706830,0.5706830,0.5706830,0
JPYCB,D,20191219,000000,0.5719790,0.5719790,0.5719790,0.5719790,0
JPYCB,D,20191220,000000,0.5706440,0.5706440,0.5706440,0.5706440,0
JPYCB,D,20191221,000000,0.5706840,0.5706840,0.5706840,0.5706840,0
JPYCB,D,20191224,000000,0.5692460,0.5692460,0.5692460,0.5692460,0
JPYCB,D,20191225,000000,0.5683090,0.5683090,0.5683090,0.5683090,0
JPYCB,D,20191226,000000,0.5640580,0.5640580,0.5640580,0.5640580,0
JPYCB,D,20191227,000000,0.5638040,0.5638040,0.5638040,0.5638040,0
JPYCB,D,20191228,000000,0.5665750,0.5665750,0.5665750,0.5665750,0
JPYCB,D,20191231,000000,0.5670320,0.5670320,0.5670320,0.5670320,0
JPYCB,D,20200101,000000,0.5697460,0.5697460,0.5697460,0.5697460,0
JPYCB,D,20200110,000000,0.5601610,0.5601610,0.5601610,0.5601610,0
JPYCB,D,20200111,000000,0.5590980,0.5590980,0.5590980,0.5590980,0
JPYCB,D,20200114,000000,0.5558100,0.5558100,0.5558100,0.5558100,0
JPYCB,D,20200115,000000,0.5588430,0.5588430,0.5588430,0.5588430,0
JPYCB,D,20200116,000000,0.5588360,0.5588360,0.5588360,0.5588360,0
JPYCB,D,20200117,000000,0.5598750,0.5598750,0.5598750,0.5598750,0
JPYCB,D,20200118,000000,0.5583020,0.5583020,0.5583020,0.5583020,0
JPYCB,D,20200121,000000,0.5580660,0.5580660,0.5580660,0.5580660,0
JPYCB,D,20200122,000000,0.5624990,0.5624990,0.5624990,0.5624990,0
JPYCB,D,20200123,000000,0.5621300,0.5621300,0.5621300,0.5621300,0
JPYCB,D,20200124,000000,0.5654570,0.5654570,0.5654570,0.5654570,0
JPYCB,D,20200125,000000,0.5638710,0.5638710,0.5638710,0.5638710,0
JPYCB,D,20200128,000000,0.5712530,0.5712530,0.5712530,0.5712530,0
JPYCB,D,20200129,000000,0.5765530,0.5765530,0.5765530,0.5765530,0
JPYCB,D,20200130,000000,0.5716560,0.5716560,0.5716560,0.5716560,0
JPYCB,D,20200131,000000,0.5790280,0.5790280,0.5790280,0.5790280,0
JPYCB,D,20200201,000000,0.5791190,0.5791190,0.5791190,0.5791190,0
JPYCB,D,20200204,000000,0.5889430,0.5889430,0.5889430,0.5889430,0
JPYCB,D,20200205,000000,0.5817250,0.5817250,0.5817250,0.5817250,0
JPYCB,D,20200206,000000,0.5773290,0.5773290,0.5773290,0.5773290,0
JPYCB,D,20200207,000000,0.5712260,0.5712260,0.5712260,0.5712260,0
JPYCB,D,20200208,000000,0.5776220,0.5776220,0.5776220,0.5776220,0
JPYCB,D,20200211,000000,0.5809230,0.5809230,0.5809230,0.5809230,0
JPYCB,D,20200212,000000,0.5818040,0.5818040,0.5818040,0.5818040,0
JPYCB,D,20200213,000000,0.5734930,0.5734930,0.5734930,0.5734930,0
JPYCB,D,20200214,000000,0.5794870,0.5794870,0.5794870,0.5794870,0
JPYCB,D,20200215,000000,0.5779810,0.5779810,0.5779810,0.5779810,0
JPYCB,D,20200218,000000,0.5762650,0.5762650,0.5762650,0.5762650,0
JPYCB,D,20200219,000000,0.5813370,0.5813370,0.5813370,0.5813370,0
JPYCB,D,20200220,000000,0.5784760,0.5784760,0.5784760,0.5784760,0
JPYCB,D,20200221,000000,0.5709540,0.5709540,0.5709540,0.5709540,0
JPYCB,D,20200222,000000,0.5759910,0.5759910,0.5759910,0.5759910,0
JPYCB,D,20200226,000000,0.5869650,0.5869650,0.5869650,0.5869650,0
JPYCB,D,20200227,000000,0.5935380,0.5935380,0.5935380,0.5935380,0
JPYCB,D,20200228,000000,0.5964250,0.5964250,0.5964250,0.5964250,0
JPYCB,D,20200229,000000,0.6154140,0.6154140,0.6154140,0.6154140,0
JPYCB,D,20200303,000000,0.6129220,0.6129220,0.6129220,0.6129220,0
JPYCB,D,20200304,000000,0.6151340,0.6151340,0.6151340,0.6151340,0
JPYCB,D,20200305,000000,0.6151120,0.6151120,0.6151120,0.6151120,0
JPYCB,D,20200306,000000,0.6170270,0.6170270,0.6170270,0.6170270,0
JPYCB,D,20200307,000000,0.6377700,0.6377700,0.6377700,0.6377700,0
JPYCB,D,20200311,000000,0.6907480,0.6907480,0.6907480,0.6907480,0
JPYCB,D,20200312,000000,0.6810420,0.6810420,0.6810420,0.6810420,0
JPYCB,D,20200313,000000,0.7142400,0.7142400,0.7142400,0.7142400,0
JPYCB,D,20200314,000000,0.6902920,0.6902920,0.6902920,0.6902920,0
JPYCB,D,20200317,000000,0.6978880,0.6978880,0.6978880,0.6978880,0
JPYCB,D,20200318,000000,0.6922720,0.6922720,0.6922720,0.6922720,0
JPYCB,D,20200319,000000,0.7193660,0.7193660,0.7193660,0.7193660,0
JPYCB,D,20200320,000000,0.7354530,0.7354530,0.7354530,0.7354530,0
JPYCB,D,20200321,000000,0.7106240,0.7106240,0.7106240,0.7106240,0
JPYCB,D,20200324,000000,0.7337850,0.7337850,0.7337850,0.7337850,0
JPYCB,D,20200325,000000,0.7120540,0.7120540,0.7120540,0.7120540,0
JPYCB,D,20200326,000000,0.6975370,0.6975370,0.6975370,0.6975370,0
JPYCB,D,20200327,000000,0.7132260,0.7132260,0.7132260,0.7132260,0
JPYCB,D,20200328,000000,0.7140270,0.7140270,0.7140270,0.7140270,0
JPYCB,D,20200407,000000,0.7002470,0.7002470,0.7002470,0.7002470,0
